<<<<<<< HEAD
HS001, TOAN, 9, 8.5, 10, 10,1
HS001, LY, 8, 9, 8, 9,1
HS001, HOA, 10, 9, 9, 9,1
HS001, SINH, 10, 9, 10, 9,1
HS001, VAN, 9, 8.5, 8, 10,1
HS001, ANH, 8, 9, 9, 9,1
HS002, TOAN, 9, 8, 8, 8,1
HS002, LY, 8, 10, 9, 8,1
HS002, HOA, 10, 10, 7, 9,1
HS002, SINH, 10, 9, 8, 8,1
HS002, VAN, 9, 8, 9, 8,1
HS002, ANH, 8, 9, 8, 7.5,1
HS003, TOAN, 10, 7, 10, 9,1
HS003, LY, 9, 10, 10, 9,1
HS003, HOA, 8, 9.5, 9, 8,1
HS003, SINH, 9, 8, 8, 9,1
HS003, VAN, 8, 10, 9, 8,1
HS003, ANH, 10, 6, 8, 10,1
HS004, TOAN, 10, 7.5, 10, 10,1
HS004, LY, 10, 5, 10, 9,1
HS004, HOA, 9, 8, 8, 7,1
HS004, SINH, 8, 7, 7, 9.5,1
HS004, VAN, 10, 9, 9, 9,1
HS004, ANH, 10, 9, 9, 8,1
HS005, TOAN, 9, 8.5, 8, 7,1
HS005, LY, 8, 9, 10, 9,1
HS005, HOA, 9, 8, 10, 9,1
HS005, SINH, 8, 10, 9, 10,1
HS005, VAN, 10, 10, 8, 9,1
HS005, ANH, 10, 9, 9, 8,1
HS006, TOAN, 9, 8, 8, 10,1
HS006, LY, 8, 9, 10, 10,1
HS006, HOA, 9, 9, 10, 9,1
HS006, SINH, 9, 8, 8, 7,1
HS006, VAN, 8, 7, 10, 9,1
HS006, ANH, 9, 8, 10, 9,1
HS007, TOAN, 8, 7, 9, 8,1
HS007, LY, 10, 9, 8, 9,1
HS007, HOA, 10, 9, 9, 8,1
HS007, SINH, 9, 8, 8, 10,1
HS007, VAN, 8, 9, 10, 10,1
HS007, ANH, 9, 8, 10, 9,1
HS008, TOAN, 8, 10, 9, 8,1
HS008, LY, 10, 10, 8, 9,1
HS008, HOA, 10, 9, 10, 9,1
HS008, SINH, 7, 8, 9, 9,1
HS008, VAN, 8, 8, 9, 8,1
HS008, ANH, 8, 7, 7, 6,1
HS009, TOAN, 7, 3, 9, 8,1
HS009, LY, 8, 7, 9, 8,1
HS009, HOA, 7, 6, 8, 7,1
HS009, SINH, 9, 8, 7, 8,1
HS009, VAN, 9, 8, 8, 7,1
HS009, ANH, 8, 10, 7, 9,1
HS010, TOAN, 7, 8, 9, 9,1
HS010, LY, 8, 7, 9, 8,1
HS010, HOA, 7, 9, 8, 7,1
HS010, SINH, 9, 9, 7, 8,1
HS010, VAN, 9, 8, 9, 8,1
HS010, ANH, 6, 7, 8, 8,1
HS011, TOAN, 7, 7, 8, 7,1
HS011, LY, 7, 6, 6, 5,1
HS011, HOA, 6, 5, 8, 7,1
HS011, SINH, 7, 6, 8, 7,1
HS011, VAN, 6, 5, 7, 6,1
HS011, ANH, 8, 7, 6, 7,1
HS012, TOAN, 8, 5, 5, 4,1
HS012, LY, 7, 7, 4, 6,1
HS012, HOA, 6, 5, 6, 6,1
HS012, SINH, 7, 4, 6, 5,1
HS012, VAN, 6, 6, 5, 4,1
HS012, ANH, 8, 6, 4, 5,1
HS013, TOAN, 8, 5, 6, 5,1
HS013, LY, 5, 6, 7, 7,1
HS013, HOA, 6, 6, 7, 6,1
HS013, SINH, 6, 5, 5, 4,1
HS013, VAN, 5, 4, 7, 6,1
HS013, ANH, 6, 5, 7, 6,1
HS014, TOAN, 5, 4, 6, 5,1
HS014, LY, 7, 6, 5, 6,1
HS014, HOA, 7, 4, 4, 3,1
HS014, SINH, 6, 6, 3, 5,1
HS014, VAN, 5, 4, 5, 5,1
HS014, ANH, 8, 10, 9, 8,1
HS015, TOAN, 10, 10, 8, 9,1
HS015, LY, 10, 9, 10, 9,1
HS015, HOA, 7, 4, 5, 4,1
HS015, SINH, 4, 5, 6.5, 6,1
HS015, VAN, 5, 5, 6, 5,1
HS015, ANH, 5, 4, 4, 3,1
HS016, TOAN, 4, 3, 6, 5,1
HS016, LY, 5, 4, 6, 5,1
HS016, HOA, 4, 3, 5, 4,1
HS016, SINH, 6, 5, 9, 8,1
HS016, VAN, 6, 6.5, 8, 9,1
HS016, ANH, 5, 5, 10, 9,1
HS020,HOA,9,9,9,9,0

